STH:    [0.71756,0.653824,0.70972]
CT:   [0.6171875,0.559570313,0.501953125]
X-ray:    [0.109090909,0.122727273,0]
COCO:    [0,0.016666667,0.000833333]
ImageNet:    [0,0,0]
VOC:    [0.000976563,0.001953125,0.0039065]