x : [0	,0.001,	0.002,	0.003	,0.004,	0.005,	0.006	,0.007,	0.008,	0.009]

qlc : [[0.9089 ,	0.9089 ,0.9089 ], [0.9089 ,	0.9089 ,	0.9089 ], [0.9089 ,	0.9089 ,	0 ], [0,0 ,0 ], [0,0 ,0  ],[0,0 ,0  ],[0,0 ,0 ], [0,0 ,0 ],[0,0 ,0 ],[0,0 ,0  ]])

helix : [0.942343770210099 ,0.942343770210099 ,0.942343770210099 ], [0.909602154 ,	0.911615231 ,	0.895047089 ], [0.839030731 ,	0.869498041 ,	0.86180329 ], [0.800194048,0.809936587 ,0.841821674 ], [0.732126178,0.818280606,0.733952222 ],[0.686098325,0.730814092 ,0.717846634 ],[0.744714153,0.702785102,0.727919254 ], [0.665400849,0.645797866 ,0.653307478 ],[0.63244315,0.627415764 ,0.639539899 ],[0.535617359,0.552206513 ,0.583386358 ]

2ddna :[[0.484119 ,0.484119 ,0.484119 ],[0,0 ,0 ], [0,0 ,0 ], [0,0 ,0 ], [0,0 ,0 ],[0,0 ,0 ],[0,0 ,0 ], [0,0 ,0 ],[0,0 ,0 ],[0,0 ,0 ]]

eds : [[1,1,1], [0,0,0], [0,0,0 ], [0,0 ,0 ], [0,0 ,0 ],[0,0 ,0 ],[0,0 ,0 ], [0,0 ,0 ],[0,0 ,0 ],[0,0 ,0 ]]